  crn, julian, press, temp, sal, fluor, nit,
#, day, dbar, ITS-90, PSS-78, ug/l, umol/kg,
  1,   30,   10.0, 26.2697, 35.2109,  0.0560,  -9.000,
  2,   62,   10.0, 25.6832, 34.9849,  0.0793,  -9.000,
  3,   99,   10.0, 24.6181, 35.0315,  0.2356,  -9.000,
  4,  148,   10.0, 23.5353, 34.8368,  0.1414,  -9.000,
  5,  177,   10.0, 24.4434, 34.6834, -9.0000,  -9.000,
  6,  229,   10.0, 23.9832, 34.9646,  0.0804,  -9.000,
  7,  266,   10.0, 25.8351, 34.5479, -9.0000,  -9.000,
  8,  301,   10.0, 25.3818, 34.9226,  0.1039,  -9.000,
  9,  327,   10.0, 26.1998, 34.6731, -9.0000,  -9.000,
 10,  356,   10.0, 26.3613, 34.7812,  0.0880,  -9.000,
 11,  382,   10.0, 26.1927, 34.8199,  0.0841,  -9.000,
 12,  422,   10.0, 25.1242, 34.9718,  0.0728,  -9.000,
 13,  461,   10.0, 23.9720, 35.1047,  0.0373,  -9.000,
 14,  502,   10.0, 23.9784, 34.8303,  0.0392,  -9.000,
 15,  534,   10.0, 23.2377, 34.8429,  0.0942,  -9.000,
 16,  559,   10.0, 23.5594, 34.9317,  0.0277,  -9.000,
 17,  585,   10.0, 23.8681, 34.9718,  0.0416,  -9.000,
 18,  620,   10.0, 24.6024, 35.0683,  0.0380,  -9.000,
 19,  662,   10.0, 25.7108, 34.8996,  0.0426,  -9.000,
 20,  714,   10.0, 26.3942, 34.9981, -9.0000,  -9.000,
 22,  808,   10.0, 23.9365, 35.2145,  0.0992,  -9.000,
 23,  855,   10.0, 23.3298, 35.1094,  0.0693,  -9.000,
 24,  887,   10.0, 22.9466, 35.1257,  0.0497,  -9.000,
 25,  921,   10.0, 23.4176, 34.9328, -9.0000,  -9.000,
 26,  949,   10.0, 23.9778, 34.9169, -9.0000,  -9.000,
 27,  977,   10.0, 24.6180, 34.9607,  0.0949,  -9.000,
 28, 1012,   10.0, 25.5090, 34.8629,  0.0818,  -9.000,
 29, 1043,   10.0, 25.9346, 34.9295,  0.0854,  -9.000,
 30, 1082,   10.0, 26.3645, 35.0300,  0.0524,  -9.000,
 31, 1115,   10.0, 26.7112, 34.7545,  0.1203,  -9.000,
 32, 1162,   10.0, 25.6986, 34.9179,  0.1729,  -9.000,
 33, 1191,   10.0, 24.2091, 35.0056,  0.1732,  -9.000,
 34, 1232,   10.0, 23.0105, 35.0299,  0.1964,  -9.000,
 35, 1252,   10.0, 23.9005, 34.8508,  0.1055,  -9.000,
 36, 1294,   10.0, 23.7146, 35.0770,  0.0405,  -9.000,
 37, 1347,   10.0, 25.7479, 34.8269, -9.0000,  -9.000,
 38, 1373,   10.0, 25.4678, 35.1408,  0.0595,  -9.000,
 39, 1404,   10.0, 26.0696, 34.9435,  0.0644,  -9.000,
 40, 1453,   10.0, 26.3108, 35.0565,  0.1018,  -9.000,
 41, 1480,   10.0, 26.4836, 35.0416,  0.1188,  -9.000,
 42, 1515,   10.0, 25.6996, 34.7579, -9.0000,  -9.000,
 43, 1537,   10.0, 24.8631, 34.8170, -9.0000,  -9.000,
 44, 1572,   10.0, 23.0831, 35.0263,  0.1642,  -9.000,
 45, 1600,   10.0, 23.6869, 34.8838,  0.0957,  -9.000,
 46, 1657,   10.0, 23.5055, 35.0657,  0.0631,  -9.000,
 47, 1693,   10.0, 23.8798, 35.0656,  0.0850,  -9.000,
 49, 1810,   10.0, 26.4592, 35.2708,  0.0782,  -9.000,
 50, 1855,   10.0, 25.7198, 35.2882,  0.1096,  -9.000,
 51, 1937,   10.0, 22.7813, 35.1714,  0.2115,  -9.000,
 52, 1965,   10.0, 22.7510, 35.0268,  0.1983,  -9.000,
 53, 1985,   10.0, 23.6848, 35.1018,  0.0970,  -9.000,
 54, 2087,   10.0, 24.8557, 34.8375,  0.0944,  -9.000,
 55, 2123,   10.0, 25.5591, 34.9014,  0.1215,  -9.000,
 56, 2159,   10.0, 26.3303, 34.9074,  0.1065,  -9.000,
 57, 2183,   10.0, 26.4542, 34.8440,  0.0767,  -9.000,
 58, 2205,   10.0, 26.1811, 34.9233,  0.0913,  -9.000,
 59, 2240,   10.0, 25.1992, 34.9861,  0.1816,  -9.000,
 60, 2319,   10.0, 23.3903, 34.3752,  0.1008,  -9.000,
 61, 2345,   10.0, 23.1047, 34.6865,  0.1028,  -9.000,
 62, 2378,   10.0, 23.8237, 34.4874,  0.0818,  -9.000,
 63, 2409,   10.0, 23.3228, 34.7667,  0.1125,  -9.000,
 64, 2493,   10.0, 25.6497, 34.8844,  0.0575,  -9.000,
 65, 2523,   10.0, 25.9526, 34.9382,  0.0582,  -9.000,
 66, 2551,   10.0, 26.9088, 34.8921,  0.0669,  -9.000,
 67, 2582,   10.0, 26.0137, 35.0409,  0.0807,  -9.000,
 68, 2603,   10.0, 25.6717, 34.9518,  0.1070,  -9.000,
 69, 2664,   10.0, 24.7705, 34.9415,  0.0581,  -9.000,
 70, 2734,   10.0, 23.1928, 34.8478,  0.0679,  -9.000,
 71, 2762,   10.0, 24.1507, 34.7570,  0.0329,  -9.000,
 72, 2790,   10.0, 25.4160, 34.8274,  0.0446,  -9.000,
 73, 2825,   10.0, 26.3486, 34.4779,  0.0202,  -9.000,
 74, 2856,   10.0, 26.2894, 34.5935,  0.0737,  -9.000,
 75, 2881,   10.0, 26.9441, 34.7353,  0.0734,  -9.000,
 76, 2923,   10.0, 27.2781, 34.8554,  0.1172,  -9.000,
 77, 2951,   10.0, 26.5146, 35.0409,  0.0976,  -9.000,
 78, 2993,   10.0, 24.2393, 34.9632,  0.1862,  -9.000,
 79, 3021,   10.0, 23.4756, 34.9452,  0.1173,  -9.000,
 80, 3062,   10.0, 23.8915, 34.9287,  0.1272,  -9.000,
 81, 3084,   10.0, 23.2096, 35.0279,  0.0930,  -9.000,
 82, 3112,   10.0, 23.4278, 34.9679, -9.0000,  -9.000,
 83, 3140,   10.0, 24.7153, 34.8768,  0.0763,  -9.000,
 84, 3168,   10.0, 25.2935, 34.8822,  0.0473,  -9.000,
 85, 3203,   10.0, 25.5221, 35.0483,  0.0862,  -9.000,
 86, 3227,   10.0, 25.8854, 35.1154,  0.0638,  -9.000,
 87, 3281,   10.0, 26.8488, 35.1940,  0.0604,  -9.000,
 88, 3352,   10.0, 24.4571, 35.1536,  0.2414,  -9.000,
 89, 3389,   10.0, 23.3890, 35.1579,  0.0903,  -9.000,
 90, 3428,   10.0, 22.8222, 35.2442,  0.0809,  -9.000,
 91, 3455,   10.0, 24.5772, 35.1676,  0.0727,  -9.000,
 92, 3483,   10.0, 23.3046, 35.2150,  0.1704,  -9.000,
 93, 3511,   10.0, 23.1991, 35.2757,  0.0856,  -9.000,
 94, 3546,   10.0, 24.1589, 35.2850,  0.1055,  -9.000,
 95, 3574,   10.0, 24.3290, 35.3867,  0.1151,  -9.000,
 96, 3600,   10.0, 25.3521, 35.1742,  0.2080,  -9.000,
 97, 3649,   10.0, 25.5130, 35.2957,  0.0554,  -9.000,
 98, 3670,   10.0, 25.6450, 35.3596,  0.0946,  -9.000,
 99, 3693,   10.0, 25.2277, 35.4464,  0.1313,  -9.000,
100, 3721,   10.0, 23.7618, 35.2983,  0.2035,  -9.000,
101, 3756,   10.0, 23.5046, 35.2520,  0.1716,  -9.000,
102, 3792,   10.0, 23.1128, 35.3602,  0.1478,  -9.000,
103, 3819,   10.0, 23.3771, 35.1877,  0.1313,  -9.000,
104, 3847,   10.0, 22.6232, 35.3498,  0.2083,  -9.000,
105, 3873,   10.0, 23.7192, 35.3729,  0.0967,  -9.000,
106, 3938,   10.0, 25.0534, 34.9462,  0.1353,  -9.000,
107, 3968,   10.0, 25.4135, 35.2701,  0.1302,  -9.000,
108, 4031,   10.0, 25.7352, 35.1321,  0.0906,  -9.000,
109, 4056,   10.0, 25.3521, 35.3225,  0.1199,  -9.000,
110, 4092,   10.0, 24.1242, 35.2081,  0.1972,  -9.000,
111, 4142,   10.0, 22.9627, 35.3695,  0.0951,  -9.000,
112, 4169,   10.0, 23.4832, 35.1927, -9.0000,  -9.000,
113, 4197,   10.0, 23.4503, 35.3643, -9.0000,  -9.000,
114, 4225,   10.0, 23.8422, 34.9070,  0.0448,  -9.000,
115, 4254,   10.0, 24.8206, 34.9499,  0.0535,  -9.000,
116, 4281,   10.0, 25.4901, 35.1902,  0.2837,  -9.000,
117, 4316,   10.0, 25.8739, 35.3129,  0.1888,  -9.000,
118, 4344,   10.0, 25.9295, 35.4530,  0.1345,  -9.000,
119, 4400,   10.0, 25.7367, 35.3486,  0.1199,  -9.000,
120, 4443,   10.0, 24.9135, 35.0225,  0.1410,  -9.000,
121, 4463,   10.0, 24.7429, 34.9357,  0.0985,  -9.000,
122, 4491,   10.0, 24.3779, 35.0795,  0.1134,  -9.000,
123, 4519,   10.0, 23.3612, 35.3160,  0.1554,  -9.000,
124, 4554,   10.0, 23.6983, 35.0313,  0.0998,  -9.000,
125, 4582,   10.0, 23.5741, 35.1439,  0.0872,  -9.000,
126, 4610,   10.0, 23.8106, 35.2330,  0.0914,  -9.000,
127, 4639,   10.0, 24.9395, 35.2409,  0.0668,  -9.000,
128, 4666,   10.0, 26.1161, 35.1226,  0.0348,  -9.000,
129, 4694,   10.0, 25.7503, 35.2352,  0.0742,  -9.000,
130, 4749,   10.0, 26.1903, 35.3373,  0.1063,  -9.000,
131, 4770,   10.0, 25.4684, 35.4095,  0.2154,  -9.000,
132, 4795,   10.0, 25.2343, 35.2387,  0.1267,  -9.000,
133, 4822,   10.0, 24.4289, 35.2125,  0.3439,  -9.000,
134, 4855,   10.0, 23.6990, 35.3014,  0.1749,  -9.000,
135, 4891,   10.0, 23.0006, 35.2593,  0.1285,  -9.000,
136, 4911,   10.0, 22.8718, 35.3531,  0.0861,  -9.000,
137, 4980,   10.0, 24.8485, 34.8713,  0.0864,  -9.000,
138, 5019,   10.0, 25.6762, 34.9118,  0.0930,  -9.000,
139, 5079,   10.0, 26.3466, 34.9610,  0.0902,  -9.000,
140, 5119,   10.0, 26.3952, 35.0648,  0.1607,  -9.000,
141, 5147,   10.0, 25.9818, 35.1798,  0.1370,  -9.000,
142, 5168,   10.0, 25.3533, 35.2622,  0.1455,  -9.000,
143, 5192,   10.0, 24.4631, 35.3181,  0.1519,  -9.000,
144, 5221,   10.0, 23.6843, 35.3427,  0.2526,  -9.000,
145, 5261,   10.0, 23.3706, 35.3247,  0.0870,  -9.000,
146, 5292,   10.0, 23.6365, 35.3052,  0.1193,  -9.000,
147, 5318,   10.0, 24.6825, 35.0401,  0.0997,  -9.000,
148, 5345,   10.0, 25.1989, 35.0530,  0.0665,  -9.000,
149, 5375,   10.0, 25.8504, 35.1736,  0.0879,  -9.000,
150, 5405,   10.0, 26.1562, 35.3065,  0.0756,  -9.000,
151, 5437,   10.0, 26.2354, 34.8500,  0.0896,  -9.000,
152, 5492,   10.0, 26.7638, 35.0446,  0.1715,  -9.000,
153, 5518,   10.0, 26.4730, 35.1985,  0.1786,  -9.000,
154, 5558,   10.0, 24.2214, 35.3085,  0.1635,  -9.000,
155, 5591,   10.0, 24.1112, 35.1960,  0.1719,  -9.000,
156, 5625,   10.0, 24.7802, 34.9011,  0.1210,  -9.000,
157, 5649,   10.0, 23.0914, 35.1948,  0.1107,  -9.000,
158, 5681,   10.0, 23.9798, 34.9858,  0.0965,  -9.000,
159, 5709,   10.0, 25.4816, 34.5799,  0.0789,  -9.000,
160, 5737,   10.0, 25.7814, 34.7235,  0.1106,  -9.000,
161, 5764,   10.0, 26.4932, 34.6098,  0.1067,  -9.000,
162, 5798,   10.0, 26.9017, 34.8641,  0.1214,  -9.000,
163, 5842,   10.0, 27.3729, 34.8939,  0.0551,  -9.000,
164, 5874,   10.0, 26.0601, 35.1856,  0.2219,  -9.000,
165, 5902,   10.0, 26.4386, 34.9469,  0.1357,  -9.000,
166, 5925,   10.0, 25.2487, 34.9628,  0.2419,  -9.000,
167, 5968,   10.0, 24.0574, 34.9994,  0.2169,  -9.000,
168, 5999,   10.0, 24.0213, 34.9995,  0.1457,  -9.000,
169, 6073,   10.0, 25.1798, 34.8999,  0.0772,  -9.000,
170, 6101,   10.0, 25.2087, 35.2634,  0.1344,  -9.000,
171, 6133,   10.0, 25.9082, 35.0190,  0.1070,  -9.000,
172, 6161,   10.0, 26.3198, 35.0885,  0.0763,  -9.000,
173, 6188,   10.0, 26.7640, 35.0289,  0.2001,   6.772,
174, 6217,   10.0, 26.2557, 35.1753,  0.1626,   4.529,
175, 6251,   10.0, 25.2791, 35.0793,  0.1913,   3.681,
176, 6282,   10.0, 24.9442, 35.1841,  0.1249,  -9.000,
177, 6325,   10.0, 23.5583, 35.2639,  0.2574,  -9.000,
178, 6346,   10.0, 23.1271, 35.2067,  0.1822,  -9.000,
179, 6369,   10.0, 23.2685, 35.0992,  0.1663,  -9.000,
180, 6392,   10.0, 23.6069, 34.8331,  0.1970,  -9.000,
181, 6447,   10.0, 23.7443, 35.2191,  0.1073,   1.182,
182, 6465,   10.0, 25.8978, 34.8396,  0.0830,  -9.000,
183, 6494,   10.0, 25.3176, 34.9043,  0.1060,   5.027,
184, 6521,   10.0, 26.3375, 34.8848,  0.0956,   5.605,
185, 6559,   10.0, 26.5110, 35.1655,  0.0776,   5.749,
186, 6594,   10.0, 26.2321, 35.1359,  0.0802,   4.202,
187, 6613,   10.0, 25.9536, 35.0948,  0.0953,   5.137,
188, 6644,   10.0, 24.8931, 35.2396,  0.1702,   2.974,
189, 6703,   10.0, 23.8029, 35.1912,  0.1304,   3.706,
190, 6745,   10.0, 23.4512, 35.1570,  0.1216,   3.227,
191, 6790,   10.0, 24.6699, 34.8671,  0.0987,   4.923,
192, 6826,   10.0, 25.5305, 34.9433,  0.0809,   2.688,
193, 6854,   10.0, 25.6562, 35.0642,  0.1040,   5.602,
194, 6881,   10.0, 26.4353, 35.0260,  0.0993,   5.690,
195, 6911,   10.0, 26.5636, 35.1170,  0.0767,  -9.000,
196, 6941,   10.0, 26.0895, 35.0841,  0.1657,   1.377,
197, 7001,   10.0, 25.1005, 35.0264,  0.1517,   3.387,
198, 7020,   10.0, 24.4944, 35.0136,  0.2496,   3.976,
199, 7060,   10.0, 23.0880, 35.1769,  0.2413,   2.273,
200, 7085,   10.0, 23.6026, 35.1815,  0.0859,   3.492,
201, 7179,   10.0, 25.3151, 34.8957,  0.0224,   2.614,
202, 7208,   10.0, 25.5276, 35.0614,  0.1212,   3.103,
203, 7239,   10.0, 25.8666, 34.9408,  0.1025,   4.105,
204, 7260,   10.0, 26.0172, 35.0467,  0.1551,   3.650,
205, 7315,   10.0, 26.2869, 35.2946,  0.2228,   4.887,
206, 7366,   10.0, 24.9407, 35.2017,  0.3584,   4.429,
208, 7417,   10.0, 23.3988, 35.3347,  0.2327,   4.834,
209, 7445,   10.0, 22.9113, 35.3131,  0.1252,   4.618,
210, 7515,   10.0, 22.9091, 35.2521,  0.0857,   3.527,
211, 7544,   10.0, 24.8010, 35.4059,  0.1063,   6.760,
212, 7581,   10.0, 25.5284, 35.0996,  0.0813,   4.901,
213, 7602,   10.0, 25.8005, 35.1526,  0.0991,   5.060,
214, 7627,   10.0, 26.1430, 35.2025,  0.1031,   3.814,
215, 7664,   10.0, 26.5414, 35.4653,  0.1076,   3.844,
216, 7704,   10.0, 26.1660, 35.2936,  0.1561,   3.942,
217, 7740,   10.0, 24.4194, 35.3662,  0.1608,   3.658,
219, 7830,   10.0, 23.3490, 35.2584,  0.1489,   4.355,
220, 7858,   10.0, 23.3266, 35.2646,  0.1336,  -9.000,
221, 7900,   10.0, 24.3150, 35.2775,  0.0988,  -9.000,
222, 7921,   10.0, 24.6258, 35.4671,  0.1003,   0.300,
223, 7951,   10.0, 25.7983, 35.2124,  0.1279,   1.961,
224, 7981,   10.0, 25.5153, 35.1539,  0.0809,   1.666,
225, 8008,   10.0, 25.6610, 35.2274,  0.1033,   1.366,
226, 8038,   10.0, 26.0282, 35.2783,  0.1628,   1.468,
227, 8086,   10.0, 25.0492, 35.1439,  0.1010,   2.448,
228, 8135,   10.0, 23.7935, 35.4091,  0.2952,  -9.000,
229, 8155,   10.0, 23.7268, 35.3815,  0.1014,   2.325,
230, 8186,   10.0, 24.3956, 35.2141,  0.1114,   0.726,
231, 8228,   10.0, 24.0069, 35.0941,  0.1430,   1.524,
232, 8256,   10.0, 24.2483, 35.3022,  0.1886,   2.625,
233, 8327,   10.0, 25.3060, 34.9602,  0.0834,   2.642,
234, 8368,   10.0, 25.9179, 35.2444,  0.1327,   1.946,
235, 8396,   10.0, 26.1876, 35.2152,  0.0779,   2.582,
236, 8435,   10.0, 25.8546, 35.2140,  0.2022,   2.434,
237, 8459,   10.0, 24.7016, 35.2312,  0.3369,   2.981,
238, 8480,   10.0, 23.9896, 35.2812,  0.2413,   1.255,
239, 8510,   10.0, 23.6215, 35.2129,  0.1291,   2.036,
240, 8576,   10.0, 23.0478, 35.1867,  0.1093,   1.424,
241, 8614,   10.0, 23.4739, 35.1207,  0.0959,   0.264,
242, 8643,   10.0, 24.2405, 35.1291,  0.0770,  -9.000,
243, 8670,   10.0, 24.3721, 35.2152,  0.0810,   0.815,
244, 8705,   10.0, 25.0579, 35.1541,  0.0765,   0.814,
245, 8722,   10.0, 25.3407, 35.1499,  0.0482,   1.574,
246, 8750,   10.0, 25.5445, 35.0263,  0.0732,  -9.000,
247, 8773,   10.0, 25.6123, 35.0836,  0.0508,  -9.000,
248, 8830,   10.0, 24.8420, 35.3501,  0.1707,   1.311,
249, 8901,   10.0, 23.1532, 35.3498,  0.1343,   0.839,
250, 8923,   10.0, 22.7499, 35.4165,  0.1486,  -0.529,
251, 8953,   10.0, 22.7815, 35.4307,  0.1097,   0.144,
252, 8995,   10.0, 25.0467, 34.8732,  0.0511,  -0.127,
253, 9034,   10.0, 25.2262, 35.1850,  0.0969,   1.379,
254, 9112,   10.0, 26.9646, 35.4785,  0.1025,   1.427,
255, 9132,   10.0, 26.4692, 35.2472,  0.1482,   1.660,
256, 9158,   10.0, 26.5103, 35.1973,  0.0954,   2.452,
257, 9188,   10.0, 25.5669, 35.3926,  0.1269,  -9.000,
258, 9212,   10.0, 24.9963, 35.4218,  0.1421,   1.133,
259, 9238,   10.0, 24.1575, 35.4657,  0.1209,   0.731,
260, 9268,   10.0, 23.3845, 35.3894,  0.1678,   1.257,
261, 9287,   10.0, 24.2002, 35.1973,  0.0762,   1.078,
262, 9323,   10.0, 23.3853, 35.3160,  0.1077,   1.333,
263, 9374,   10.0, 25.1589, 35.2614,  0.0880,   1.672,
264, 9404,   10.0, 25.8310, 35.2573,  0.0960,   1.858,
265, 9480,   10.0, 27.4532, 34.9589,  0.0773,   2.403,
266, 9509,   10.0, 27.5800, 34.9920,  0.2003,   2.042,
267, 9548,   10.0, 26.2016, 35.3514,  0.2762,   2.762,
268, 9573,   10.0, 24.6351, 35.3257,  0.2710,   3.877,
269, 9643,   10.0, 24.0745, 35.2046,  0.1200,   2.515,
270, 9675,   10.0, 23.5998, 35.2880,  0.1420,   2.528,
271, 9699,   10.0, 24.3329, 35.0986,  0.1137,   1.801,
272, 9731,   10.0, 24.5673, 35.0908,  0.1258,   2.683,
273, 9758,   10.0, 25.5205, 35.0945,  0.0842,   1.506,
274, 9788,   10.0, 26.7261, 35.1565,  0.0819,   2.655,
275, 9812,   10.0, 27.1237, 35.3051,  0.1139,   2.815,
277, 9874,   10.0, 26.1333, 35.2305,  0.1311,   0.433,
278, 9905,   10.0, 25.8681, 35.1953,  0.2154,   0.361,
279, 9930,   10.0, 25.8127, 34.9909,  0.1281,   1.599,
280, 9965,   10.0, 24.9891, 34.9215,  0.1790,   2.994,
281, 9993,   10.0, 24.5366, 35.0324,  0.1519,   1.936,
282, 10021,   10.0, 24.3680, 35.0680,  0.1794,   3.272,
283, 10058,   10.0, 24.4225, 34.8368,  0.0945,   2.084,
284, 10102,   10.0, 25.8900, 34.8815,  0.0766,   1.025,
285, 10146,   10.0, 25.8429, 34.9062,  0.1005,   2.457,
286, 10175,   10.0, 26.2488, 34.8842,  0.1265,   2.065,
287, 10242,   10.0, 26.2543, 34.9304,  0.1381,   0.779,
288, 10284,   10.0, 24.9700, 35.1152,  0.1520,   2.496,
289, 10342,   10.0, 23.6198, 35.0662,  0.1829,   1.752,
290, 10372,   10.0, 23.6352, 34.9635,  0.1638,   4.097,
291, 10406,   10.0, 24.4647, 34.9397,  0.0769,   1.430,
292, 10434,   10.0, 25.0893, 34.8463,  0.1075,   1.450,
293, 10462,   10.0, 25.2997, 34.8654,  0.0682,  -0.015,
294, 10490,   10.0, 26.2533, 34.7855,  0.0667,   1.144,
295, 10539,   10.0, 27.1171, 34.9222,  0.1142,  -2.256,
296, 10598,   10.0, 26.8040, 35.0906,  0.1043,  -1.903,
297, 10631,   10.0, 26.1096, 35.0510,  0.1433,  -0.332,
